(0.0024988912884009637,United_States_09d4)
(0.0023578638364487414,2006)
(0.0013040180951661,United_Kingdom_5ad7)
(0.0010957587518200592,2005)
(9.125294927816241E-4,Biography)
(8.27688885098006E-4,England)
(7.837429065214866E-4,Canada)
(7.679692720690917E-4,France)
(7.67154443586047E-4,2004)
(6.980340909621359E-4,Germany)
(6.537691693775912E-4,Australia)
(6.136860292268109E-4,India)
(5.962941805863736E-4,2003)
(5.643816503752807E-4,Japan)
(5.446145581113944E-4,Internet_Movie_Database_7ea7)
(5.096751953170442E-4,Italy)
(4.99835064791384E-4,2002)
(4.8178058154963236E-4,2001)
(4.78501954679947E-4,Record_label)
(4.635280541045675E-4,London)
(4.62871389620945E-4,Europe)
(4.418434103359069E-4,World_War_II_d045)
(4.3356222857879843E-4,2000)
(4.163939852770871E-4,1999)
(4.136250420883285E-4,English_language)
(4.00049829259276E-4,Music_genre)
(3.9000036341397165E-4,Geographic_coordinate_system)
(3.877686944236457E-4,Wiktionary)
(3.8247329660229414E-4,Russia)
(3.7025404684561255E-4,Spain)
(3.653307441271891E-4,1998)
(3.5224261869926793E-4,Wikimedia_Commons_7b57)
(3.487992836234409E-4,1997)
(3.386808095558928E-4,Television)
(3.284830098195253E-4,Football_(soccer))
(3.271256766980505E-4,Scotland)
(3.2426218894820227E-4,1996)
(3.193056073610916E-4,New_York_City_1428)
(3.09788625366672E-4,1995)
(3.012368219841305E-4,Scientific_classification)
(2.9684357911321347E-4,China)
(2.9490160285036265E-4,1994)
(2.888360326412013E-4,Netherlands)
(2.8836055575076587E-4,Sweden)
(2.8659101801702775E-4,New_Zealand_2311)
(2.8163162135639745E-4,Actor)
(2.810774976259009E-4,Film)
(2.7809526813213034E-4,1991)
(2.778867568650249E-4,1993)
(2.698751574381405E-4,California)
(2.681166729428088E-4,Public_domain)
(2.6768731906135645E-4,1990)
(2.6623014640054886E-4,1992)
(2.549103440944037E-4,Album)
(2.524975182358995E-4,Record_producer)
(2.48140115134499E-4,1989)
(2.4394004713203504E-4,Ireland)
(2.3930761466736206E-4,Latin)
(2.3831918144631445E-4,1980)
(2.3540533551862723E-4,1986)
(2.309087444034323E-4,1985)
(2.309009408524758E-4,Animal)
(2.2923831961815854E-4,1982)
(2.2854572220235562E-4,New_York_3da4)
(2.272738451869666E-4,1981)
(2.2726099749422246E-4,1979)
(2.2591976004428433E-4,1984)
(2.2589614258767773E-4,January_1)
(2.2542524307645815E-4,1987)
(2.2451010379839387E-4,1983)
(2.2448801474368924E-4,Studio_album)
(2.2158029869895145E-4,Norway)
(2.2074909103507874E-4,Poland)
(2.205464612355439E-4,1974)
(2.2020817430527066E-4,1988)
(2.1900623569673987E-4,Politician)
(2.16315501594064E-4,French_language)
(2.144966781882906E-4,South_Africa_1287)
(2.1443169963359073E-4,1976)
(2.137902211457383E-4,1970)
(2.1265228399062924E-4,1975)
(2.1237721305808398E-4,Paris)
(2.1106492154845038E-4,Mexico)
(2.087819855736749E-4,Brazil)
(2.0858051761803775E-4,1969)
(2.084558600710638E-4,1977)
(2.0810902248400714E-4,1972)
(2.0732899342606513E-4,1978)
(2.0559645428273825E-4,Soviet_Union_ad1f)
(2.0517843681622802E-4,Personal_name)
(2.0469083909906036E-4,1945)
(2.0354560461654947E-4,Switzerland)
(2.0318402109306702E-4,Greece)
(2.0130354517521973E-4,1973)
(1.985637124454361E-4,Pakistan)
(1.9846474626736575E-4,1971)
(1.982197372173447E-4,Iran)
(1.968482459931893E-4,1968)
(1.9640827512144748E-4,1967)
(1.9397321645722352E-4,World_War_I_9429)
